$ANSIBLE_VAULT;1.1;AES256
32666431363465353030316131626165663531363364613039623037323466656533346234373337
6333373366366163363834353031373139373839633833300a346462613131353464383363663563
61373161643265616336316336356337656464346530616133653034653236623730313062393130
6637623639613630630a326265316462346266633031613563353235643132636532316564366138
37303238366466656364656166373562323964323361353130643962653735633132646533663262
64613261363162393661353563366163303639343539626535326662303865383965323535323864
31333766323561333133343138626331633333386161356532333937643330616430346265346662
30666137653133653865326333326462663733316564316261323065316662353261303538333736
66636562613230306135663163626262666166303364643361366663316364326233373265303439
63383662646366636635386539633166353861383937623634386565323532383565633933306435
373138346166653131373635663138623031
